Step 0, Time: -10, CPUs: 1
      0.46       0.00       0.00       0.01       1.33       0.00       0.00       0.00       0.00       0.00       0.00       0.00       0.37       0.00       0.00       0.26       0.00       0.00
Step 1, Time: -9.99995, CPUs: 1
      6.73       3.20       0.23       0.01       2.83       0.00       0.00       0.00       3.20       0.00       0.00       0.00       0.59       0.00       0.00       0.26       0.00       0.00
Step 2, Time: -9.9999, CPUs: 1
      6.78       3.25       0.23       0.01       2.83       0.00       0.00       0.00       3.25       0.00       0.00       0.00       0.60       0.00       0.00       0.26       0.00       0.00
Step 3, Time: -9.99985, CPUs: 1
      7.10       3.52       0.27       0.02       2.83       0.00       0.00       0.00       3.51       0.01       0.00       0.00       0.64       0.00       0.00       0.26       0.00       0.00
Step 4, Time: -9.9998, CPUs: 1
      7.15       3.57       0.28       0.02       2.83       0.00       0.00       0.00       3.56       0.01       0.00       0.00       0.64       0.00       0.00       0.26       0.00       0.00
Step 5, Time: -9.99976, CPUs: 1
      7.70       4.04       0.34       0.02       2.83       0.00       0.00       0.00       4.03       0.01       0.00       0.00       0.71       0.00       0.00       0.26       0.00       0.00
Step 6, Time: -9.99971, CPUs: 1
      7.75       4.09       0.35       0.02       2.83       0.01       0.00       0.00       4.08       0.01       0.00       0.00       0.71       0.00       0.00       0.26       0.00       0.00
Step 7, Time: -9.99966, CPUs: 1
      8.07       4.36       0.38       0.03       2.83       0.01       0.00       0.00       4.34       0.02       0.00       0.00       0.75       0.00       0.00       0.26       0.00       0.00
Step 8, Time: -9.99961, CPUs: 1
      8.12       4.41       0.39       0.03       2.83       0.01       0.00       0.00       4.39       0.02       0.00       0.00       0.76       0.00       0.00       0.26       0.00       0.00
Step 9, Time: -9.99956, CPUs: 1
     10.09       6.14       0.62       0.03       2.83       0.01       0.01       0.00       6.11       0.02       0.00       0.00       0.98       0.00       0.00       0.26       0.00       0.00
Step 10, Time: -9.99951, CPUs: 1
     10.14       6.18       0.63       0.03       2.83       0.01       0.01       0.00       6.16       0.02       0.00       0.00       0.99       0.00       0.00       0.26       0.00       0.00
Step 11, Time: -9.99946, CPUs: 1
     10.46       6.45       0.66       0.04       2.83       0.01       0.01       0.00       6.42       0.03       0.00       0.00       1.03       0.00       0.00       0.26       0.00       0.01
Step 12, Time: -9.99941, CPUs: 1
     10.51       6.50       0.67       0.04       2.83       0.01       0.01       0.00       6.47       0.03       0.00       0.00       1.03       0.00       0.00       0.26       0.00       0.01
Step 13, Time: -9.99937, CPUs: 1
     11.06       6.98       0.73       0.04       2.83       0.01       0.01       0.00       6.94       0.03       0.00       0.00       1.10       0.00       0.00       0.26       0.00       0.01
Step 14, Time: -9.99932, CPUs: 1
     11.11       7.02       0.74       0.04       2.83       0.01       0.01       0.00       6.99       0.03       0.00       0.00       1.10       0.00       0.00       0.26       0.00       0.01
Step 15, Time: -9.99927, CPUs: 1
     11.43       7.30       0.78       0.05       2.83       0.01       0.01       0.00       7.25       0.04       0.00       0.00       1.14       0.00       0.00       0.26       0.00       0.01
Step 16, Time: -9.99922, CPUs: 1
     11.49       7.34       0.78       0.05       2.83       0.01       0.01       0.00       7.30       0.04       0.00       0.00       1.15       0.00       0.00       0.26       0.00       0.01
Step 17, Time: -9.99917, CPUs: 1
     13.45       9.07       1.01       0.05       2.83       0.01       0.01       0.00       9.02       0.04       0.00       0.00       1.38       0.00       0.00       0.26       0.00       0.01
Step 18, Time: -9.99912, CPUs: 1
     13.51       9.12       1.02       0.05       2.83       0.01       0.01       0.00       9.07       0.04       0.00       0.00       1.38       0.00       0.00       0.26       0.00       0.01
Step 19, Time: -9.99907, CPUs: 1
     13.83       9.39       1.06       0.06       2.83       0.02       0.01       0.00       9.34       0.05       0.00       0.00       1.42       0.00       0.00       0.26       0.00       0.01
Step 20, Time: -9.99902, CPUs: 1
     13.88       9.44       1.06       0.06       2.83       0.02       0.01       0.00       9.39       0.05       0.00       0.00       1.43       0.00       0.00       0.26       0.00       0.01
Step 21, Time: -9.99897, CPUs: 1
     14.43       9.92       1.13       0.06       2.83       0.02       0.01       0.00       9.86       0.05       0.00       0.00       1.49       0.00       0.00       0.26       0.00       0.01
Step 22, Time: -9.99893, CPUs: 1
     14.48       9.96       1.13       0.06       2.83       0.02       0.01       0.00       9.90       0.05       0.00       0.00       1.50       0.00       0.00       0.26       0.00       0.01
Step 23, Time: -9.99888, CPUs: 1
     14.80      10.23       1.17       0.07       2.83       0.02       0.01       0.00      10.17       0.06       0.00       0.00       1.53       0.00       0.00       0.26       0.00       0.01
Step 24, Time: -9.99883, CPUs: 1
     14.85      10.28       1.18       0.07       2.83       0.02       0.01       0.00      10.21       0.06       0.00       0.00       1.54       0.00       0.00       0.26       0.00       0.01
Step 25, Time: -9.99878, CPUs: 1
     16.82      12.01       1.40       0.08       2.83       0.02       0.01       0.00      11.94       0.06       0.00       0.00       1.77       0.00       0.00       0.26       0.00       0.01
Step 26, Time: -9.99873, CPUs: 1
     16.87      12.05       1.41       0.08       2.83       0.02       0.01       0.00      11.98       0.06       0.00       0.00       1.77       0.00       0.00       0.26       0.00       0.01
Step 27, Time: -9.99868, CPUs: 1
     17.19      12.32       1.45       0.08       2.83       0.02       0.01       0.00      12.25       0.07       0.00       0.00       1.81       0.00       0.00       0.26       0.00       0.01
Step 28, Time: -9.99863, CPUs: 1
     17.24      12.37       1.45       0.08       2.83       0.02       0.01       0.00      12.29       0.07       0.00       0.00       1.82       0.00       0.00       0.26       0.00       0.01
Step 29, Time: -9.99858, CPUs: 1
     17.79      12.85       1.52       0.09       2.83       0.02       0.01       0.00      12.77       0.07       0.00       0.00       1.88       0.00       0.00       0.26       0.00       0.01
Step 30, Time: -9.99854, CPUs: 1
     17.85      12.90       1.53       0.09       2.83       0.02       0.01       0.00      12.81       0.07       0.00       0.00       1.89       0.00       0.00       0.26       0.00       0.01
Step 31, Time: -9.99849, CPUs: 1
     18.16      13.17       1.56       0.09       2.83       0.03       0.01       0.00      13.08       0.08       0.00       0.00       1.92       0.00       0.00       0.26       0.00       0.01
Step 32, Time: -9.99844, CPUs: 1
     18.21      13.21       1.57       0.09       2.83       0.03       0.01       0.00      13.13       0.08       0.00       0.00       1.93       0.00       0.00       0.26       0.00       0.01
Step 33, Time: -9.99839, CPUs: 1
     20.18      14.95       1.80       0.10       2.83       0.03       0.02       0.00      14.85       0.08       0.00       0.00       2.16       0.00       0.00       0.26       0.00       0.01
Step 34, Time: -9.99834, CPUs: 1
     20.24      14.99       1.80       0.10       2.83       0.03       0.02       0.00      14.90       0.08       0.00       0.00       2.16       0.00       0.00       0.26       0.00       0.01
Step 35, Time: -9.99829, CPUs: 1
     20.55      15.26       1.84       0.10       2.83       0.03       0.02       0.00      15.16       0.09       0.00       0.00       2.20       0.00       0.00       0.26       0.00       0.01
Step 36, Time: -9.99824, CPUs: 1
     20.60      15.31       1.84       0.10       2.83       0.03       0.02       0.00      15.21       0.09       0.00       0.00       2.20       0.00       0.00       0.26       0.00       0.01
Step 37, Time: -9.99819, CPUs: 1
     21.15      15.78       1.91       0.11       2.83       0.03       0.02       0.00      15.67       0.09       0.00       0.00       2.27       0.00       0.00       0.26       0.00       0.01
Step 38, Time: -9.99814, CPUs: 1
     21.20      15.82       1.91       0.11       2.83       0.03       0.02       0.00      15.72       0.09       0.00       0.00       2.28       0.00       0.00       0.26       0.00       0.01
Step 39, Time: -9.9981, CPUs: 1
     21.51      16.09       1.95       0.11       2.83       0.03       0.02       0.00      15.98       0.10       0.00       0.00       2.31       0.00       0.00       0.26       0.00       0.01
Step 40, Time: -9.99805, CPUs: 1
     21.57      16.14       1.96       0.11       2.83       0.03       0.02       0.00      16.03       0.10       0.00       0.00       2.32       0.00       0.00       0.26       0.00       0.01
Step 41, Time: -9.998, CPUs: 1
     23.53      17.87       2.19       0.12       2.83       0.03       0.02       0.00      17.75       0.10       0.00       0.00       2.55       0.00       0.00       0.26       0.00       0.02
Step 42, Time: -9.99795, CPUs: 1
     23.58      17.91       2.19       0.12       2.83       0.03       0.02       0.00      17.79       0.10       0.00       0.00       2.55       0.00       0.00       0.26       0.00       0.02
Step 43, Time: -9.9979, CPUs: 1
     23.90      18.18       2.23       0.12       2.83       0.04       0.02       0.00      18.06       0.10       0.00       0.00       2.59       0.00       0.00       0.26       0.00       0.02
Step 44, Time: -9.99785, CPUs: 1
     23.95      18.23       2.24       0.12       2.83       0.04       0.02       0.00      18.11       0.10       0.00       0.00       2.60       0.00       0.00       0.26       0.00       0.02
Step 45, Time: -9.9978, CPUs: 1
     24.50      18.70       2.30       0.13       2.83       0.04       0.02       0.00      18.58       0.11       0.00       0.00       2.66       0.00       0.00       0.26       0.00       0.02
Step 46, Time: -9.99775, CPUs: 1
     24.55      18.75       2.31       0.13       2.83       0.04       0.02       0.00      18.62       0.11       0.00       0.00       2.67       0.00       0.00       0.26       0.00       0.02
Step 47, Time: -9.99771, CPUs: 1
     24.87      19.02       2.34       0.13       2.83       0.04       0.02       0.00      18.89       0.11       0.00       0.00       2.70       0.00       0.00       0.26       0.00       0.02
Step 48, Time: -9.99766, CPUs: 1
     24.92      19.06       2.35       0.13       2.83       0.04       0.02       0.00      18.93       0.11       0.00       0.00       2.71       0.00       0.00       0.26       0.00       0.02
Step 49, Time: -9.99761, CPUs: 1
     26.88      20.79       2.58       0.14       2.83       0.04       0.02       0.00      20.65       0.12       0.00       0.00       2.94       0.00       0.00       0.26       0.00       0.02
Step 50, Time: -9.99756, CPUs: 1
     26.93      20.83       2.59       0.14       2.83       0.04       0.02       0.00      20.69       0.12       0.00       0.00       2.94       0.00       0.00       0.26       0.00       0.02
Step 51, Time: -9.99751, CPUs: 1
     27.25      21.10       2.62       0.15       2.83       0.04       0.02       0.00      20.96       0.12       0.00       0.00       2.98       0.00       0.00       0.26       0.00       0.02
Step 52, Time: -9.99746, CPUs: 1
     27.30      21.14       2.63       0.15       2.83       0.04       0.02       0.00      21.00       0.12       0.00       0.00       2.98       0.00       0.00       0.26       0.00       0.02
Step 53, Time: -9.99741, CPUs: 1
     27.84      21.62       2.69       0.15       2.83       0.04       0.02       0.00      21.47       0.13       0.00       0.00       3.05       0.00       0.00       0.26       0.00       0.02
Step 54, Time: -9.99736, CPUs: 1
     27.89      21.66       2.70       0.15       2.83       0.04       0.02       0.00      21.51       0.13       0.00       0.00       3.06       0.00       0.00       0.26       0.00       0.02
Step 55, Time: -9.99731, CPUs: 1
     28.20      21.93       2.73       0.16       2.83       0.04       0.02       0.00      21.77       0.13       0.00       0.00       3.09       0.00       0.00       0.26       0.00       0.02
Step 56, Time: -9.99727, CPUs: 1
     28.25      21.97       2.74       0.16       2.83       0.05       0.02       0.00      21.82       0.13       0.00       0.00       3.10       0.00       0.00       0.26       0.00       0.02
Step 57, Time: -9.99722, CPUs: 1
     30.22      23.70       2.97       0.16       2.83       0.05       0.03       0.00      23.54       0.14       0.00       0.00       3.33       0.00       0.00       0.26       0.00       0.02
Step 58, Time: -9.99717, CPUs: 1
     30.27      23.74       2.98       0.16       2.83       0.05       0.03       0.00      23.58       0.14       0.00       0.00       3.33       0.00       0.00       0.26       0.00       0.02
Step 59, Time: -9.99712, CPUs: 1
     30.58      24.01       3.01       0.17       2.83       0.05       0.03       0.00      23.84       0.14       0.00       0.00       3.37       0.00       0.00       0.26       0.00       0.02
Step 60, Time: -9.99707, CPUs: 1
     30.63      24.05       3.02       0.17       2.83       0.05       0.03       0.00      23.89       0.14       0.00       0.00       3.37       0.00       0.00       0.26       0.00       0.02
Step 61, Time: -9.99702, CPUs: 1
     31.18      24.53       3.08       0.17       2.83       0.05       0.03       0.00      24.36       0.15       0.00       0.00       3.44       0.00       0.00       0.26       0.00       0.02
Step 62, Time: -9.99697, CPUs: 1
     31.23      24.57       3.09       0.17       2.83       0.05       0.03       0.00      24.40       0.15       0.00       0.00       3.44       0.00       0.00       0.26       0.00       0.02
Step 63, Time: -9.99692, CPUs: 1
     31.54      24.84       3.12       0.18       2.83       0.05       0.03       0.00      24.66       0.15       0.00       0.00       3.48       0.00       0.00       0.26       0.00       0.02
Step 64, Time: -9.99687, CPUs: 1
     31.59      24.88       3.13       0.18       2.83       0.05       0.03       0.00      24.70       0.15       0.00       0.00       3.49       0.00       0.00       0.26       0.00       0.02
Step 65, Time: -9.99683, CPUs: 1
     33.56      26.61       3.36       0.18       2.83       0.05       0.03       0.00      26.43       0.16       0.00       0.00       3.72       0.00       0.00       0.26       0.00       0.02
Step 66, Time: -9.99678, CPUs: 1
     33.62      26.66       3.37       0.18       2.83       0.05       0.03       0.00      26.47       0.16       0.00       0.00       3.73       0.00       0.00       0.26       0.00       0.02
Step 67, Time: -9.99673, CPUs: 1
     33.98      26.93       3.41       0.19       2.83       0.05       0.03       0.00      26.73       0.16       0.00       0.00       3.76       0.00       0.00       0.26       0.00       0.02
Step 68, Time: -9.99668, CPUs: 1
     34.03      26.98       3.41       0.19       2.83       0.06       0.03       0.00      26.77       0.16       0.00       0.00       3.77       0.00       0.00       0.26       0.00       0.02
Step 69, Time: -9.99663, CPUs: 1
     34.58      27.45       3.48       0.20       2.83       0.06       0.03       0.00      27.24       0.17       0.00       0.00       3.83       0.00       0.00       0.26       0.00       0.02
Step 70, Time: -9.99658, CPUs: 1
     34.62      27.49       3.48       0.20       2.83       0.06       0.03       0.00      27.28       0.17       0.00       0.00       3.84       0.00       0.00       0.26       0.00       0.02
Step 71, Time: -9.99653, CPUs: 1
     34.94      27.76       3.52       0.20       2.83       0.06       0.03       0.00      27.54       0.17       0.00       0.00       3.88       0.00       0.00       0.26       0.00       0.03
Step 72, Time: -9.99648, CPUs: 1
     34.99      27.80       3.53       0.20       2.83       0.06       0.03       0.00      27.58       0.17       0.00       0.00       3.88       0.00       0.00       0.26       0.00       0.03
Step 73, Time: -9.99644, CPUs: 1
     36.96      29.53       3.76       0.21       2.83       0.06       0.03       0.00      29.31       0.18       0.00       0.00       4.11       0.00       0.00       0.26       0.00       0.03
Step 74, Time: -9.99639, CPUs: 1
     37.00      29.57       3.76       0.21       2.83       0.06       0.03       0.00      29.35       0.18       0.00       0.00       4.12       0.00       0.00       0.26       0.00       0.03
Step 75, Time: -9.99634, CPUs: 1
     37.31      29.84       3.80       0.21       2.83       0.06       0.03       0.00      29.61       0.18       0.00       0.00       4.15       0.00       0.00       0.26       0.00       0.03
Step 76, Time: -9.99629, CPUs: 1
     37.36      29.88       3.80       0.21       2.83       0.06       0.03       0.00      29.65       0.18       0.00       0.00       4.16       0.00       0.00       0.26       0.00       0.03
Step 77, Time: -9.99624, CPUs: 1
     37.91      30.35       3.87       0.22       2.83       0.06       0.03       0.00      30.12       0.19       0.00       0.00       4.22       0.00       0.00       0.26       0.00       0.03
Step 78, Time: -9.99619, CPUs: 1
     37.95      30.39       3.88       0.22       2.83       0.06       0.04       0.00      30.16       0.19       0.00       0.00       4.23       0.00       0.00       0.26       0.00       0.03
Step 79, Time: -9.99614, CPUs: 1
     38.26      30.66       3.91       0.22       2.83       0.06       0.04       0.00      30.42       0.19       0.00       0.00       4.26       0.00       0.00       0.26       0.00       0.03
Step 80, Time: -9.99609, CPUs: 1
     38.31      30.70       3.92       0.22       2.83       0.07       0.04       0.00      30.46       0.19       0.00       0.00       4.27       0.00       0.00       0.26       0.00       0.03
Step 81, Time: -9.99604, CPUs: 1
     40.28      32.43       4.14       0.23       2.83       0.07       0.04       0.00      32.18       0.20       0.00       0.00       4.50       0.00       0.00       0.26       0.00       0.03
Step 82, Time: -9.996, CPUs: 1
     40.32      32.47       4.15       0.23       2.83       0.07       0.04       0.00      32.22       0.20       0.00       0.00       4.50       0.00       0.00       0.26       0.00       0.03
Step 83, Time: -9.99595, CPUs: 1
     40.64      32.74       4.19       0.23       2.83       0.07       0.04       0.00      32.49       0.20       0.00       0.00       4.54       0.00       0.00       0.26       0.00       0.03
Step 84, Time: -9.9959, CPUs: 1
     40.68      32.78       4.19       0.23       2.83       0.07       0.04       0.00      32.53       0.20       0.00       0.00       4.54       0.00       0.00       0.26       0.00       0.03
Step 85, Time: -9.99585, CPUs: 1
     41.22      33.24       4.26       0.24       2.83       0.07       0.04       0.00      32.99       0.21       0.00       0.00       4.61       0.00       0.00       0.26       0.00       0.03
Step 86, Time: -9.9958, CPUs: 1
     41.27      33.28       4.26       0.24       2.83       0.07       0.04       0.00      33.03       0.21       0.00       0.00       4.61       0.00       0.00       0.26       0.00       0.03
Step 87, Time: -9.99575, CPUs: 1
     41.58      33.55       4.30       0.25       2.83       0.07       0.04       0.00      33.29       0.21       0.00       0.00       4.65       0.00       0.00       0.26       0.00       0.03
Step 88, Time: -9.9957, CPUs: 1
     41.62      33.59       4.30       0.25       2.83       0.07       0.04       0.00      33.33       0.21       0.00       0.00       4.65       0.00       0.00       0.26       0.00       0.03
Step 89, Time: -9.99565, CPUs: 1
     43.60      35.32       4.53       0.25       2.83       0.07       0.04       0.00      35.06       0.22       0.00       0.00       4.88       0.00       0.00       0.26       0.00       0.03
Step 90, Time: -9.99561, CPUs: 1
     43.64      35.36       4.54       0.25       2.83       0.07       0.04       0.00      35.09       0.22       0.00       0.00       4.89       0.00       0.00       0.26       0.00       0.03
Step 91, Time: -9.99556, CPUs: 1
     43.95      35.62       4.57       0.26       2.83       0.07       0.04       0.00      35.35       0.22       0.00       0.00       4.92       0.00       0.00       0.26       0.00       0.03
Step 92, Time: -9.99551, CPUs: 1
     43.99      35.66       4.58       0.26       2.83       0.08       0.04       0.00      35.39       0.22       0.00       0.00       4.93       0.00       0.00       0.26       0.00       0.03
Step 93, Time: -9.99546, CPUs: 1
     44.53      36.13       4.64       0.26       2.83       0.08       0.04       0.00      35.85       0.22       0.00       0.00       4.99       0.00       0.00       0.26       0.00       0.03
Step 94, Time: -9.99541, CPUs: 1
     44.57      36.17       4.65       0.26       2.83       0.08       0.04       0.00      35.89       0.22       0.00       0.00       5.00       0.00       0.00       0.26       0.00       0.03
Step 95, Time: -9.99536, CPUs: 1
     44.88      36.43       4.68       0.27       2.83       0.08       0.04       0.00      36.14       0.23       0.00       0.00       5.03       0.00       0.00       0.26       0.00       0.03
Step 96, Time: -9.99531, CPUs: 1
     44.92      36.46       4.69       0.27       2.83       0.08       0.04       0.00      36.18       0.23       0.00       0.00       5.04       0.00       0.00       0.26       0.00       0.03
Step 97, Time: -9.99526, CPUs: 1
     46.89      38.19       4.92       0.27       2.83       0.08       0.04       0.00      37.90       0.23       0.00       0.00       5.27       0.00       0.00       0.26       0.00       0.03
Step 98, Time: -9.99521, CPUs: 1
     46.93      38.23       4.92       0.27       2.83       0.08       0.04       0.00      37.94       0.23       0.00       0.00       5.27       0.00       0.00       0.26       0.00       0.03
Step 99, Time: -9.99517, CPUs: 1
     47.23      38.49       4.96       0.28       2.83       0.08       0.04       0.00      38.19       0.24       0.00       0.00       5.31       0.00       0.00       0.26       0.00       0.04
Step 100, Time: -9.99512, CPUs: 1
     47.28      38.52       4.96       0.28       2.83       0.08       0.04       0.00      38.23       0.24       0.00       0.00       5.31       0.00       0.00       0.26       0.00       0.04
Step 101, Time: -9.99507, CPUs: 1
     47.81      38.99       5.02       0.28       2.83       0.08       0.05       0.00      38.69       0.24       0.00       0.00       5.37       0.00       0.00       0.26       0.00       0.04
Step 102, Time: -9.99502, CPUs: 1
     47.85      39.03       5.03       0.28       2.83       0.08       0.05       0.00      38.73       0.24       0.00       0.00       5.38       0.00       0.00       0.26       0.00       0.04
Step 103, Time: -9.99497, CPUs: 1
     48.16      39.29       5.06       0.29       2.83       0.08       0.05       0.00      38.98       0.25       0.00       0.00       5.41       0.00       0.00       0.26       0.00       0.04
Step 104, Time: -9.99492, CPUs: 1
     48.20      39.32       5.07       0.29       2.83       0.08       0.05       0.00      39.02       0.25       0.00       0.00       5.42       0.00       0.00       0.26       0.00       0.04
Step 105, Time: -9.99487, CPUs: 1
     50.17      41.05       5.30       0.29       2.83       0.09       0.05       0.00      40.74       0.25       0.00       0.00       5.65       0.00       0.00       0.26       0.00       0.04
Step 106, Time: -9.99482, CPUs: 1
     50.21      41.09       5.30       0.29       2.83       0.09       0.05       0.00      40.77       0.25       0.00       0.00       5.65       0.00       0.00       0.26       0.00       0.04
Step 107, Time: -9.99478, CPUs: 1
     50.51      41.35       5.34       0.30       2.83       0.09       0.05       0.00      41.03       0.26       0.00       0.00       5.69       0.00       0.00       0.26       0.00       0.04
Step 108, Time: -9.99473, CPUs: 1
     50.55      41.38       5.34       0.30       2.83       0.09       0.05       0.00      41.06       0.26       0.00       0.00       5.69       0.00       0.00       0.26       0.00       0.04
Step 109, Time: -9.99468, CPUs: 1
     51.09      41.85       5.41       0.30       2.83       0.09       0.05       0.00      41.52       0.26       0.00       0.00       5.75       0.00       0.00       0.26       0.00       0.04
Step 110, Time: -9.99463, CPUs: 1
     51.13      41.88       5.41       0.30       2.83       0.09       0.05       0.00      41.56       0.26       0.00       0.00       5.76       0.00       0.00       0.26       0.00       0.04
Step 111, Time: -9.99458, CPUs: 1
     51.43      42.14       5.45       0.31       2.83       0.09       0.05       0.00      41.81       0.27       0.00       0.00       5.79       0.00       0.00       0.26       0.00       0.04
Step 112, Time: -9.99453, CPUs: 1
     51.47      42.17       5.45       0.31       2.83       0.09       0.05       0.00      41.85       0.27       0.00       0.00       5.80       0.00       0.00       0.26       0.00       0.04
Step 113, Time: -9.99448, CPUs: 1
     53.43      43.90       5.68       0.32       2.83       0.09       0.05       0.00      43.57       0.27       0.00       0.00       6.03       0.00       0.00       0.26       0.00       0.04
Step 114, Time: -9.99443, CPUs: 1
     53.48      43.94       5.68       0.32       2.83       0.09       0.05       0.00      43.60       0.27       0.00       0.00       6.03       0.00       0.00       0.26       0.00       0.04
Step 115, Time: -9.99438, CPUs: 1
     53.77      44.19       5.72       0.32       2.83       0.09       0.05       0.00      43.85       0.28       0.00       0.00       6.07       0.00       0.00       0.26       0.00       0.04
Step 116, Time: -9.99434, CPUs: 1
     53.81      44.23       5.72       0.32       2.83       0.09       0.05       0.00      43.89       0.28       0.00       0.00       6.07       0.00       0.00       0.26       0.00       0.04
Step 117, Time: -9.99429, CPUs: 1
     54.35      44.69       5.79       0.33       2.83       0.10       0.05       0.00      44.34       0.28       0.00       0.00       6.13       0.00       0.00       0.26       0.00       0.04
Step 118, Time: -9.99424, CPUs: 1
     54.39      44.72       5.79       0.33       2.83       0.10       0.05       0.00      44.38       0.28       0.00       0.00       6.14       0.00       0.00       0.26       0.00       0.04
Step 119, Time: -9.99419, CPUs: 1
     54.68      44.98       5.83       0.33       2.83       0.10       0.05       0.00      44.63       0.29       0.00       0.00       6.17       0.00       0.00       0.26       0.00       0.04
Step 120, Time: -9.99414, CPUs: 1
     54.72      45.01       5.83       0.33       2.83       0.10       0.05       0.00      44.66       0.29       0.00       0.00       6.18       0.00       0.00       0.26       0.00       0.04
Step 121, Time: -9.99409, CPUs: 1
     56.69      46.74       6.06       0.34       2.83       0.10       0.06       0.00      46.38       0.29       0.00       0.00       6.40       0.00       0.00       0.26       0.00       0.04
Step 122, Time: -9.99404, CPUs: 1
     56.73      46.77       6.06       0.34       2.83       0.10       0.06       0.00      46.41       0.29       0.00       0.00       6.41       0.00       0.00       0.26       0.00       0.04
Step 123, Time: -9.99399, CPUs: 1
     57.02      47.03       6.10       0.34       2.83       0.10       0.06       0.00      46.66       0.30       0.00       0.00       6.44       0.00       0.00       0.26       0.00       0.04
Step 124, Time: -9.99395, CPUs: 1
     57.06      47.06       6.10       0.34       2.83       0.10       0.06       0.00      46.69       0.30       0.00       0.00       6.45       0.00       0.00       0.26       0.00       0.04
Step 125, Time: -9.9939, CPUs: 1
     57.59      47.52       6.16       0.35       2.83       0.10       0.06       0.00      47.15       0.30       0.00       0.00       6.51       0.00       0.00       0.26       0.00       0.04
Step 126, Time: -9.99385, CPUs: 1
     57.63      47.55       6.17       0.35       2.83       0.10       0.06       0.00      47.18       0.30       0.00       0.00       6.51       0.00       0.00       0.26       0.00       0.04
Step 127, Time: -9.9938, CPUs: 1
     57.92      47.80       6.20       0.35       2.83       0.10       0.06       0.00      47.43       0.31       0.00       0.00       6.55       0.00       0.00       0.26       0.00       0.04
Step 128, Time: -9.99375, CPUs: 1
     57.96      47.83       6.21       0.35       2.83       0.10       0.06       0.00      47.46       0.31       0.00       0.00       6.55       0.00       0.00       0.26       0.00       0.04
Step 129, Time: -9.9937, CPUs: 1
     59.93      49.56       6.44       0.36       2.83       0.11       0.06       0.00      49.18       0.31       0.00       0.00       6.78       0.00       0.00       0.26       0.00       0.05
Step 130, Time: -9.99365, CPUs: 1
     59.96      49.59       6.44       0.36       2.83       0.11       0.06       0.00      49.21       0.31       0.00       0.00       6.78       0.00       0.00       0.26       0.00       0.05
Step 131, Time: -9.9936, CPUs: 1
     60.25      49.85       6.47       0.36       2.83       0.11       0.06       0.00      49.46       0.32       0.00       0.00       6.82       0.00       0.00       0.26       0.00       0.05
Step 132, Time: -9.99355, CPUs: 1
     60.29      49.87       6.48       0.36       2.83       0.11       0.06       0.00      49.49       0.32       0.00       0.00       6.82       0.00       0.00       0.26       0.00       0.05
Step 133, Time: -9.99351, CPUs: 1
     60.82      50.34       6.54       0.37       2.83       0.11       0.06       0.00      49.95       0.32       0.00       0.00       6.88       0.00       0.00       0.26       0.00       0.05
Step 134, Time: -9.99346, CPUs: 1
     60.86      50.37       6.54       0.37       2.83       0.11       0.06       0.00      49.98       0.32       0.00       0.00       6.89       0.00       0.00       0.26       0.00       0.05
Step 135, Time: -9.99341, CPUs: 1
     61.15      50.62       6.58       0.38       2.83       0.11       0.06       0.00      50.22       0.33       0.00       0.00       6.92       0.00       0.00       0.26       0.00       0.05
Step 136, Time: -9.99336, CPUs: 1
     61.18      50.65       6.58       0.38       2.83       0.11       0.06       0.00      50.25       0.33       0.00       0.00       6.92       0.00       0.00       0.26       0.00       0.05
Step 137, Time: -9.99331, CPUs: 1
     63.15      52.38       6.81       0.38       2.83       0.11       0.06       0.00      51.97       0.33       0.00       0.00       7.15       0.00       0.00       0.26       0.00       0.05
Step 138, Time: -9.99326, CPUs: 1
     63.19      52.41       6.82       0.38       2.83       0.11       0.06       0.00      52.00       0.33       0.00       0.00       7.16       0.00       0.00       0.26       0.00       0.05
Step 139, Time: -9.99321, CPUs: 1
     63.47      52.65       6.85       0.39       2.83       0.11       0.06       0.00      52.25       0.34       0.00       0.00       7.19       0.00       0.00       0.26       0.00       0.05
Step 140, Time: -9.99316, CPUs: 1
     63.51      52.68       6.85       0.39       2.83       0.11       0.06       0.00      52.27       0.34       0.00       0.00       7.19       0.00       0.00       0.26       0.00       0.05
Step 141, Time: -9.99312, CPUs: 1
     64.04      53.14       6.91       0.39       2.83       0.11       0.06       0.00      52.73       0.34       0.00       0.00       7.26       0.00       0.00       0.26       0.00       0.05
Step 142, Time: -9.99307, CPUs: 1
     64.07      53.17       6.92       0.39       2.83       0.12       0.06       0.00      52.75       0.34       0.00       0.00       7.26       0.00       0.00       0.26       0.00       0.05
Step 143, Time: -9.99302, CPUs: 1
     64.36      53.42       6.95       0.40       2.83       0.12       0.06       0.00      53.00       0.34       0.00       0.00       7.29       0.00       0.00       0.26       0.00       0.05
Step 144, Time: -9.99297, CPUs: 1
     64.39      53.44       6.96       0.40       2.83       0.12       0.06       0.00      53.02       0.34       0.00       0.00       7.30       0.00       0.00       0.26       0.00       0.05
Step 145, Time: -9.99292, CPUs: 1
     66.36      55.17       7.18       0.40       2.83       0.12       0.07       0.00      54.75       0.35       0.00       0.00       7.53       0.00       0.00       0.26       0.00       0.05
Step 146, Time: -9.99287, CPUs: 1
     66.39      55.20       7.19       0.40       2.83       0.12       0.07       0.00      54.77       0.35       0.00       0.00       7.53       0.00       0.00       0.26       0.00       0.05
Step 147, Time: -9.99282, CPUs: 1
     66.67      55.44       7.22       0.41       2.83       0.12       0.07       0.00      55.01       0.35       0.00       0.00       7.56       0.00       0.00       0.26       0.00       0.05
Step 148, Time: -9.99277, CPUs: 1
     66.70      55.47       7.22       0.41       2.83       0.12       0.07       0.00      55.04       0.35       0.00       0.00       7.57       0.00       0.00       0.26       0.00       0.05
Step 149, Time: -9.99272, CPUs: 1
     67.23      55.93       7.29       0.41       2.83       0.12       0.07       0.00      55.49       0.36       0.00       0.00       7.63       0.00       0.00       0.26       0.00       0.05
Step 150, Time: -9.99268, CPUs: 1
     67.26      55.95       7.29       0.41       2.83       0.12       0.07       0.00      55.52       0.36       0.00       0.00       7.63       0.00       0.00       0.26       0.00       0.05
Step 151, Time: -9.99263, CPUs: 1
     67.54      56.20       7.32       0.42       2.83       0.12       0.07       0.00      55.75       0.36       0.00       0.00       7.66       0.00       0.00       0.26       0.00       0.05
Step 152, Time: -9.99258, CPUs: 1
     67.57      56.22       7.33       0.42       2.83       0.12       0.07       0.00      55.78       0.36       0.00       0.00       7.67       0.00       0.00       0.26       0.00       0.05
Step 153, Time: -9.99253, CPUs: 1
     69.55      57.96       7.55       0.42       2.83       0.12       0.07       0.00      57.51       0.37       0.00       0.00       7.90       0.00       0.00       0.26       0.00       0.05
Step 154, Time: -9.99248, CPUs: 1
     69.58      57.98       7.56       0.42       2.83       0.13       0.07       0.00      57.53       0.37       0.00       0.00       7.90       0.00       0.00       0.26       0.00       0.05
Step 155, Time: -9.99243, CPUs: 1
     69.86      58.22       7.59       0.43       2.83       0.13       0.07       0.00      57.77       0.37       0.00       0.00       7.93       0.00       0.00       0.26       0.00       0.05
Step 156, Time: -9.99238, CPUs: 1
     69.89      58.25       7.59       0.43       2.83       0.13       0.07       0.00      57.79       0.37       0.00       0.00       7.93       0.00       0.00       0.26       0.00       0.05
Step 157, Time: -9.99233, CPUs: 1
     70.41      58.70       7.66       0.43       2.83       0.13       0.07       0.00      58.24       0.38       0.00       0.00       8.00       0.00       0.00       0.26       0.00       0.05
Step 158, Time: -9.99229, CPUs: 1
     70.44      58.73       7.66       0.43       2.83       0.13       0.07       0.00      58.27       0.38       0.00       0.00       8.00       0.00       0.00       0.26       0.00       0.05
Step 159, Time: -9.99224, CPUs: 1
     70.72      58.97       7.69       0.44       2.83       0.13       0.07       0.00      58.50       0.38       0.00       0.00       8.03       0.00       0.00       0.26       0.00       0.05
Step 160, Time: -9.99219, CPUs: 1
     70.74      58.99       7.69       0.44       2.83       0.13       0.07       0.00      58.52       0.38       0.00       0.00       8.03       0.00       0.00       0.26       0.00       0.05
Step 161, Time: -9.99214, CPUs: 1
     72.72      60.72       7.92       0.45       2.83       0.13       0.07       0.00      60.25       0.39       0.00       0.00       8.26       0.00       0.00       0.26       0.00       0.06
Step 162, Time: -9.99209, CPUs: 1
     72.74      60.74       7.93       0.45       2.83       0.13       0.07       0.00      60.27       0.39       0.00       0.00       8.27       0.00       0.00       0.26       0.00       0.06
Step 163, Time: -9.99204, CPUs: 1
     73.02      60.98       7.96       0.45       2.83       0.13       0.07       0.00      60.51       0.39       0.00       0.00       8.30       0.00       0.00       0.26       0.00       0.06
Step 164, Time: -9.99199, CPUs: 1
     73.05      61.00       7.96       0.45       2.83       0.13       0.07       0.00      60.53       0.39       0.00       0.00       8.30       0.00       0.00       0.26       0.00       0.06
Step 165, Time: -9.99194, CPUs: 1
     73.58      61.47       8.02       0.46       2.83       0.13       0.07       0.00      60.99       0.40       0.00       0.00       8.36       0.00       0.00       0.26       0.00       0.06
Step 166, Time: -9.99189, CPUs: 1
     73.60      61.49       8.03       0.46       2.83       0.14       0.07       0.00      61.01       0.40       0.00       0.00       8.36       0.00       0.00       0.26       0.00       0.06
Step 167, Time: -9.99185, CPUs: 1
     73.88      61.72       8.06       0.46       2.83       0.14       0.07       0.00      61.24       0.40       0.00       0.00       8.39       0.00       0.00       0.26       0.00       0.06
Step 168, Time: -9.9918, CPUs: 1
     73.90      61.74       8.06       0.46       2.83       0.14       0.07       0.00      61.26       0.40       0.00       0.00       8.40       0.00       0.00       0.26       0.00       0.06
Step 169, Time: -9.99175, CPUs: 1
     75.87      63.48       8.29       0.47       2.83       0.14       0.07       0.00      62.98       0.41       0.00       0.00       8.63       0.00       0.00       0.26       0.00       0.06
Step 170, Time: -9.9917, CPUs: 1
     75.89      63.49       8.29       0.47       2.83       0.14       0.07       0.00      63.00       0.41       0.00       0.00       8.63       0.00       0.00       0.26       0.00       0.06
Step 171, Time: -9.99165, CPUs: 1
     76.16      63.73       8.32       0.47       2.83       0.14       0.08       0.00      63.23       0.41       0.00       0.00       8.66       0.00       0.00       0.26       0.00       0.06
Step 172, Time: -9.9916, CPUs: 1
     76.19      63.74       8.32       0.47       2.83       0.14       0.08       0.00      63.24       0.41       0.00       0.00       8.66       0.00       0.00       0.26       0.00       0.06
Step 173, Time: -9.99155, CPUs: 1
     76.70      64.19       8.39       0.48       2.83       0.14       0.08       0.00      63.69       0.42       0.00       0.00       8.72       0.00       0.00       0.26       0.00       0.06
Step 174, Time: -9.9915, CPUs: 1
     76.72      64.21       8.39       0.48       2.83       0.14       0.08       0.00      63.71       0.42       0.00       0.00       8.72       0.00       0.00       0.26       0.00       0.06
Step 175, Time: -9.99146, CPUs: 1
     76.99      64.44       8.42       0.48       2.83       0.14       0.08       0.00      63.93       0.42       0.00       0.00       8.76       0.00       0.00       0.26       0.00       0.06
Step 176, Time: -9.99141, CPUs: 1
     77.01      64.46       8.42       0.48       2.83       0.14       0.08       0.00      63.95       0.42       0.00       0.00       8.76       0.00       0.00       0.26       0.00       0.06
Step 177, Time: -9.99136, CPUs: 1
     78.98      66.19       8.65       0.49       2.83       0.14       0.08       0.00      65.67       0.43       0.00       0.00       8.99       0.00       0.00       0.26       0.00       0.06
Step 178, Time: -9.99131, CPUs: 1
     79.00      66.20       8.65       0.49       2.83       0.14       0.08       0.00      65.69       0.43       0.00       0.00       8.99       0.00       0.00       0.26       0.00       0.06
Step 179, Time: -9.99126, CPUs: 1
     79.27      66.43       8.68       0.49       2.83       0.15       0.08       0.00      65.91       0.43       0.00       0.00       9.02       0.00       0.00       0.26       0.00       0.06
Step 180, Time: -9.99121, CPUs: 1
     79.28      66.44       8.68       0.49       2.83       0.15       0.08       0.00      65.92       0.43       0.00       0.00       9.02       0.00       0.00       0.26       0.00       0.06
Step 181, Time: -9.99116, CPUs: 1
     79.80      66.90       8.75       0.50       2.83       0.15       0.08       0.00      66.37       0.44       0.00       0.00       9.08       0.00       0.00       0.26       0.00       0.06
Step 182, Time: -9.99111, CPUs: 1
     79.82      66.91       8.75       0.50       2.83       0.15       0.08       0.00      66.38       0.44       0.00       0.00       9.08       0.00       0.00       0.26       0.00       0.06
Step 183, Time: -9.99106, CPUs: 1
     80.08      67.13       8.78       0.50       2.83       0.15       0.08       0.00      66.60       0.44       0.00       0.00       9.11       0.00       0.00       0.26       0.00       0.06
Step 184, Time: -9.99102, CPUs: 1
     80.10      67.15       8.78       0.50       2.83       0.15       0.08       0.00      66.62       0.44       0.00       0.00       9.12       0.00       0.00       0.26       0.00       0.06
Step 185, Time: -9.99097, CPUs: 1
     82.07      68.88       9.01       0.51       2.83       0.15       0.08       0.00      68.34       0.45       0.00       0.00       9.34       0.00       0.00       0.26       0.00       0.06
Step 186, Time: -9.99092, CPUs: 1
     82.09      68.89       9.01       0.51       2.83       0.15       0.08       0.00      68.36       0.45       0.00       0.00       9.35       0.00       0.00       0.26       0.00       0.06
Step 187, Time: -9.99087, CPUs: 1
     82.34      69.11       9.04       0.52       2.83       0.15       0.08       0.00      68.57       0.45       0.00       0.00       9.38       0.00       0.00       0.26       0.00       0.06
Step 188, Time: -9.99082, CPUs: 1
     82.36      69.13       9.04       0.52       2.83       0.15       0.08       0.00      68.58       0.45       0.00       0.00       9.38       0.00       0.00       0.26       0.00       0.06
Step 189, Time: -9.99077, CPUs: 1
     82.88      69.58       9.10       0.52       2.83       0.15       0.08       0.00      69.03       0.45       0.00       0.00       9.44       0.00       0.00       0.26       0.00       0.06
Step 190, Time: -9.99072, CPUs: 1
     82.89      69.59       9.11       0.52       2.83       0.15       0.08       0.00      69.04       0.45       0.00       0.00       9.44       0.00       0.00       0.26       0.00       0.06
Step 191, Time: -9.99067, CPUs: 1
     83.15      69.81       9.13       0.53       2.83       0.16       0.08       0.00      69.25       0.46       0.00       0.00       9.47       0.00       0.00       0.26       0.00       0.07
Step 192, Time: -9.99062, CPUs: 1
     83.16      69.82       9.14       0.53       2.83       0.16       0.08       0.00      69.26       0.46       0.00       0.00       9.47       0.00       0.00       0.26       0.00       0.07
Step 193, Time: -9.99058, CPUs: 1
     85.14      71.56       9.37       0.53       2.83       0.16       0.08       0.00      71.00       0.46       0.00       0.00       9.70       0.00       0.00       0.26       0.00       0.07
Step 194, Time: -9.99053, CPUs: 1
     85.16      71.57       9.37       0.53       2.83       0.16       0.08       0.00      71.01       0.46       0.00       0.00       9.70       0.00       0.00       0.26       0.00       0.07
Step 195, Time: -9.99048, CPUs: 1
     85.40      71.78       9.40       0.54       2.83       0.16       0.08       0.00      71.22       0.47       0.00       0.00       9.73       0.00       0.00       0.26       0.00       0.07
Step 196, Time: -9.99043, CPUs: 1
     85.42      71.79       9.40       0.54       2.83       0.16       0.08       0.00      71.23       0.47       0.00       0.00       9.73       0.00       0.00       0.26       0.00       0.07
Step 197, Time: -9.99038, CPUs: 1
     85.93      72.24       9.46       0.54       2.83       0.16       0.09       0.00      71.67       0.47       0.00       0.00       9.79       0.00       0.00       0.26       0.00       0.07
Step 198, Time: -9.99033, CPUs: 1
     85.94      72.25       9.46       0.54       2.83       0.16       0.09       0.00      71.68       0.47       0.00       0.00       9.79       0.00       0.00       0.26       0.00       0.07
Step 199, Time: -9.99028, CPUs: 1
     86.19      72.46       9.49       0.55       2.83       0.16       0.09       0.00      71.88       0.48       0.00       0.00       9.82       0.00       0.00       0.26       0.00       0.07
Step 200, Time: -9.99023, CPUs: 1
     86.20      72.47       9.49       0.55       2.83       0.16       0.09       0.00      71.89       0.48       0.00       0.00       9.82       0.00       0.00       0.26       0.00       0.07
Step 201, Time: -9.99019, CPUs: 1
     88.19      74.21       9.72       0.55       2.83       0.16       0.09       0.00      73.63       0.48       0.00       0.00      10.06       0.00       0.00       0.26       0.00       0.07
Step 202, Time: -9.99014, CPUs: 1
     88.20      74.22       9.73       0.55       2.83       0.16       0.09       0.00      73.64       0.48       0.00       0.00      10.06       0.00       0.00       0.26       0.00       0.07
Step 203, Time: -9.99009, CPUs: 1
     88.44      74.43       9.75       0.56       2.83       0.16       0.09       0.00      73.84       0.49       0.00       0.00      10.08       0.00       0.00       0.26       0.00       0.07
Step 204, Time: -9.99004, CPUs: 1
     88.45      74.43       9.75       0.56       2.83       0.17       0.09       0.00      73.85       0.49       0.00       0.00      10.09       0.00       0.00       0.26       0.00       0.07
Step 205, Time: -9.98999, CPUs: 1
     88.96      74.87       9.81       0.56       2.83       0.17       0.09       0.00      74.28       0.49       0.00       0.00      10.15       0.00       0.00       0.26       0.00       0.07
Step 206, Time: -9.98994, CPUs: 1
     88.97      74.88       9.82       0.56       2.83       0.17       0.09       0.00      74.29       0.49       0.00       0.00      10.15       0.00       0.00       0.26       0.00       0.07
Step 207, Time: -9.98989, CPUs: 1
     89.21      75.09       9.84       0.57       2.83       0.17       0.09       0.00      74.49       0.50       0.00       0.00      10.17       0.00       0.00       0.26       0.00       0.07
Step 208, Time: -9.98984, CPUs: 1
     89.22      75.10       9.84       0.57       2.83       0.17       0.09       0.00      74.50       0.50       0.00       0.00      10.18       0.00       0.00       0.26       0.00       0.07
Step 209, Time: -9.98979, CPUs: 1
     91.19      76.83      10.07       0.58       2.83       0.17       0.09       0.00      76.23       0.50       0.00       0.00      10.40       0.00       0.00       0.26       0.00       0.07
Step 210, Time: -9.98975, CPUs: 1
     91.20      76.84      10.08       0.58       2.83       0.17       0.09       0.00      76.23       0.50       0.00       0.00      10.41       0.00       0.00       0.26       0.00       0.07
Step 211, Time: -9.9897, CPUs: 1
     91.44      77.04      10.10       0.58       2.83       0.17       0.09       0.00      76.43       0.51       0.00       0.00      10.43       0.00       0.00       0.26       0.00       0.07
Step 212, Time: -9.98965, CPUs: 1
     91.45      77.05      10.10       0.58       2.83       0.17       0.09       0.00      76.44       0.51       0.00       0.00      10.43       0.00       0.00       0.26       0.00       0.07
